DD.a.n
DD.e.five
DD.five.Shift.r
DD.i.e
DD.l.Return
DD.n.l
DD.o.a
DD.period.t
DD.Shift.r.o
DD.t.i
H.a
H.e
H.five
H.i
H.l
H.n
H.o
H.period
H.Return
H.Shift.r
H.t

0.13495758
0.47138468
0.50663671
0.26741504
0.3794043
0.21841213
0.11430749
0.3535257
0.29361224
0.12127435
0.01306196
0.00432663
-0.00500456
-0.0058154
-0.01308306
-0.01077402
-0.00653427
-0.00860006
-0.00974264
-0.00508203
0.00219235

5.50974700e-02
-6.46577641e-01
-1.85093617e-01
6.08466003e-01
1.55634505e-01
8.31264667e-02
4.12681801e-02
3.72760777e-01
3.46297354e-02
3.50957792e-02
6.05611174e-04
3.29050153e-04
-2.59564621e-03
8.90521169e-04
-5.88483405e-03
-3.15117647e-03
-3.56144718e-03
-1.05292850e-02
-2.88623845e-03
-2.67978587e-03
1.66442914e-03

-0.05567285
0.57316647
-0.46521682
0.57908411
-0.27215645
-0.09743464
-0.06122559
-0.02026604
-0.16321357
0.04289643
-0.01193286
-0.00495913
-0.00385357
0.00515186
0.00565712
0.00798906
0.00367417
0.00516557
0.00180253
-0.00702159
-0.00424236
